Identificación:  /home/jc/TSB-dev/12_muycerrado_v1.dat

N_ptos   N_tramos   pto_base
   9       12        2

ipto       y        z
  1    -4.000     8.000
  2     0.000     8.000
  3     3.000     8.000
  4     0.000     5.000
  5     3.000     5.000
  6     7.000     4.000
  7    -4.000     0.000
  8     0.000     0.000
  9     3.000     0.000

itr   tipoT   i     j    e        R     +/-
  1     0     1     2   1.000
  2     0     2     3   1.000
  3     1     3     6   1.800    4.000  -
  4     0     1     7   1.800
  5     0     2     4   1.000
  6     0     3     5   1.000
  7     0     4     5   1.000
  8     0     4     8   1.000
  9     0     5     9   1.000
 10     0     7     8   1.000
 11     0     8     9   1.000
 12     1     6     9   1.800    4.000  -
###  Fin de datos suministrados  ###
